Прогноз погоды в Нижнем Новгороде на 24 часа:
№   | Дата/время      | Темп., °C    | Осадки    
--------------------------------------------------
1   | 01.06 00:00     | 7,5          | 0,00      
2   | 01.06 01:00     | 6,7          | 0,00      
3   | 01.06 02:00     | 6,1          | 0,00      
4   | 01.06 03:00     | 6,6          | 0,00      
5   | 01.06 04:00     | 7,2          | 0,00      
6   | 01.06 05:00     | 7,8          | 0,00      
7   | 01.06 06:00     | 9,0          | 0,00      
8   | 01.06 07:00     | 11,0         | 0,00      
9   | 01.06 08:00     | 13,0         | 0,00      
10  | 01.06 09:00     | 14,6         | 0,00      
11  | 01.06 10:00     | 15,1         | 0,00      
12  | 01.06 11:00     | 16,0         | 0,00      
13  | 01.06 12:00     | 16,0         | 0,00      
14  | 01.06 13:00     | 16,2         | 0,00      
15  | 01.06 14:00     | 16,3         | 0,00      
16  | 01.06 15:00     | 16,2         | 0,00      
17  | 01.06 16:00     | 15,8         | 0,00      
18  | 01.06 17:00     | 14,3         | 0,10      
19  | 01.06 18:00     | 12,9         | 0,20      
20  | 01.06 19:00     | 12,5         | 0,10      
21  | 01.06 20:00     | 12,0         | 0,10      
22  | 01.06 21:00     | 11,0         | 0,00      
23  | 01.06 22:00     | 10,1         | 0,00      
24  | 01.06 23:00     | 9,9          | 0,00      
